00000000000100000000000010010011
00000000001000000000000010010011
00000000001100000000000010010011
00000000010000000000000010010011
00000000010100000000000010010011
00000000000000000001000100110111
00000000001000001010001000100011
00000000010000001010000110000011
00000000001100010000001000110011
00000000010000011010010000100011
00000000100000011010001010000011
00000000000000010010001100110111
00000000011000101000001110110011
00000000010000000000000011101111
11111110001000001001100011100011
00000010100000100000000011100111

